28 byte
AA BB CC 00 00 00 01 FF FF FF 01 00 00 00 04 00 00 00 00 01 01 00 00 00 00 00 8C 56 

300 byte
AA 55 FF FF FF FF 00 00 44 59 4E 41 20 31 30 31 36 00 00 00 00 00 00 00 00 00 00 00 00 00 00 00 00 00 00 00 00 00 00 00 00 11 41 11 41 11 11 11 11 11 11 11 11 00 00 00 00 00 00 00 00 00 00 00 00 00 00 00 00 00 00 00 00 00 00 00 00 00 00 00 00 14 0B 0A 05 0F 08 21 04 05 00 32 0A 14 04 01 05 46 00 00 00 05 00 00 00 00 00 00 00 00 00 01 00 04 00 00 00 00 00 00 33 11 11 11 10 10 33 11 11 11 10 10 33 11 11 11 10 10 33 14 14 14 10 40 32 00 00 00 00 00 32 00 00 00 00 00 00 00 00 00 00 00 00 00 00 00 00 00 01 01 02 02 03 04 03 05 06 04 07 08 05 09 0A 06 0B 0C 00 00 00 00 00 00 00 00 00 11 00 00 00 22 00 00 00 44 00 00 00 88 00 00 00 00 00 00 00 00 00 00 00 00 00 00 00 00 00 00 00 00 00 00 00 00 00 00 00 00 00 00 00 00 00 00 00 00 00 00 00 00 00 00 00 00 00 00 00 00 00 00 00 00 00 00 00 00 00 00 00 00 00 00 00 00 00 00 00 00 00 00 00 00 00 00 00 00 00 00 00 00 00 00 00 00 00 00 00 00 00 00 00 00

44594E4120313031360000000000000000000000000000000000000000000000


00000002
b'\x04\x01\x00\x01\x00'
00000002
b'\x04\x01\x00\x01\x00'
00000002
b'\x04\x01\x00\x01\x00'
00000002
b'\x04\x01\x00\x01\x00'
00000002
b'\x04\x01\x00\x01\x00'
00000002
b'\x04\x01\x00\x02\x00'
00000002
b'\x04\x01\x00\x02\x00'
00000002
b'\x04\x01\x00\x02\x00'
00000002
b'\x04\x01\x00\x02\x00'